{
 "cells": [
  {
   "cell_type": "code",
   "execution_count": 1,
   "metadata": {
    "collapsed": false
   },
   "outputs": [
    {
     "name": "stderr",
     "output_type": "stream",
     "text": [
      "/home/ubuntu/anaconda3/lib/python3.5/site-packages/ipykernel/__main__.py:47: SettingWithCopyWarning: \n",
      "A value is trying to be set on a copy of a slice from a DataFrame\n",
      "\n",
      "See the caveats in the documentation: http://pandas.pydata.org/pandas-docs/stable/indexing.html#indexing-view-versus-copy\n",
      "/home/ubuntu/anaconda3/lib/python3.5/site-packages/ipykernel/__main__.py:48: SettingWithCopyWarning: \n",
      "A value is trying to be set on a copy of a slice from a DataFrame\n",
      "\n",
      "See the caveats in the documentation: http://pandas.pydata.org/pandas-docs/stable/indexing.html#indexing-view-versus-copy\n"
     ]
    }
   ],
   "source": [
    "import numpy as np\n",
    "import pandas as pd\n",
    "import math\n",
    "import matplotlib.pyplot as plt\n",
    "\n",
    "# Read data from DataSets\n",
    "mean0 = pd.read_csv(\"data/DS1_m_0.txt\", header=None)\n",
    "mean1 = pd.read_csv(\"data/DS1_m_1.txt\", header=None)\n",
    "cov = pd.read_csv(\"data/DS1_cov.txt\", header=None)\n",
    "# Drop end column (not useful to us)\n",
    "mean0.drop([20], axis=1, inplace=True)\n",
    "mean1.drop([20], axis=1, inplace=True)\n",
    "cov.drop([20], axis=1, inplace=True)\n",
    "# Change to matrices\n",
    "mean0_m = mean0.as_matrix()[0]\n",
    "mean1_m = mean1.as_matrix()[0]\n",
    "cov_m = cov.as_matrix()[0]\n",
    "\n",
    "# Generate 2000 examples for each class\n",
    "dataEx = 2000\n",
    "class0 = pd.DataFrame(np.random.multivariate_normal(mean0_m, cov, dataEx))\n",
    "class1 = pd.DataFrame(np.random.multivariate_normal(mean1_m, cov, dataEx))\n",
    "# Add classification column for identification\n",
    "class0[20] = 0\n",
    "class1[20] = 1\n",
    "class0_m = class0.as_matrix()\n",
    "class1_m = class1.as_matrix()\n",
    "\n",
    "# Split data into train, valid, test sets\n",
    "allData = np.concatenate((class0_m, class1_m), axis=0)\n",
    "np.random.shuffle(allData)\n",
    "trainSet = pd.DataFrame(allData[0:2400])\n",
    "validSet = pd.DataFrame(allData[2400:3200])\n",
    "testSet = pd.DataFrame(allData[3200:4000])\n",
    "\n",
    "# Save completed datasets\n",
    "pd.DataFrame(allData).to_csv(\"dataGenerated/DS1_data.csv\", index=False, header=False)\n",
    "trainSet.to_csv(\"dataGenerated/DS1_train.csv\", index=False, header=False)\n",
    "validSet.to_csv(\"dataGenerated/DS1_valid.csv\", index=False, header=False)\n",
    "testSet.to_csv(\"dataGenerated/DS1_test.csv\", index=False, header=False)\n",
    "\n",
    "# Split training data\n",
    "trainSet0 = trainSet[trainSet[20] == 0]\n",
    "trainSet1 = trainSet[trainSet[20] == 1]\n",
    "testOut = testSet[20]\n",
    "# Drop end column\n",
    "trainSet0.drop([20], axis=1, inplace=True)\n",
    "trainSet1.drop([20], axis=1, inplace=True)\n",
    "testSet.drop([20], axis=1, inplace=True)\n",
    "# Get length of each training set\n",
    "numData0 = len(trainSet0)\n",
    "numData1 = len(trainSet1)"
   ]
  },
  {
   "cell_type": "code",
   "execution_count": 14,
   "metadata": {
    "collapsed": false
   },
   "outputs": [
    {
     "name": "stdout",
     "output_type": "stream",
     "text": [
      "Covariance matrix:  [[ 7.93913535  5.4639525   6.18541296  5.12986087  5.84825023  6.16126778\n",
      "   4.58723466  5.3253898   5.05168643  5.14897023  3.96186492  5.27032408\n",
      "   7.10013063  6.07770207  6.05562005  5.80922934  5.92604086  5.7148829\n",
      "   5.59337239  5.91432865]\n",
      " [ 5.4639525   6.79156059  5.36593405  4.3079233   5.4917599   5.52670572\n",
      "   4.2674072   3.79760035  4.13309475  4.92972643  3.3868653   4.54708631\n",
      "   5.83263917  5.15031081  5.41611354  5.07126328  5.63196441  5.07627892\n",
      "   5.31013018  5.29735717]\n",
      " [ 6.18541296  5.36593405  7.39129534  4.93149844  5.88035605  6.64448278\n",
      "   4.56451724  4.77728556  4.97435374  5.07806388  3.33889309  4.71621316\n",
      "   6.40153691  5.36505165  6.18015232  5.94953952  6.39516212  5.05161106\n",
      "   4.77730357  5.15942659]\n",
      " [ 5.12986087  4.3079233   4.93149844  5.72055317  5.31735409  4.54193084\n",
      "   3.61801218  4.23431571  3.4420127   4.15493832  2.78538491  4.10013154\n",
      "   5.82888469  4.87614688  4.79464715  4.96038323  4.75651672  4.53694658\n",
      "   3.91043661  5.82850421]\n",
      " [ 5.84825023  5.4917599   5.88035605  5.31735409  7.19625673  5.42223578\n",
      "   4.99764028  4.30227415  4.74717085  5.15860072  4.185204    5.03736051\n",
      "   6.30689901  6.05244457  6.01738884  6.1043945   6.04449552  5.24985574\n",
      "   5.47257994  5.82706961]\n",
      " [ 6.16126778  5.52670572  6.64448278  4.54193084  5.42223578  6.74540625\n",
      "   4.4006751   4.82152985  4.7899231   5.31416655  3.02809072  4.81466504\n",
      "   6.38762551  5.08337946  5.80905153  5.88651399  6.00234719  5.01838826\n",
      "   4.78052228  5.23598445]\n",
      " [ 4.58723466  4.2674072   4.56451724  3.61801218  4.99764028  4.4006751\n",
      "   5.0116362   3.76664904  3.94328072  4.29482626  3.03371068  4.31227781\n",
      "   4.74177323  4.21241794  4.62184355  5.07436327  4.33046432  3.69722313\n",
      "   4.62999608  3.90262094]\n",
      " [ 5.3253898   3.79760035  4.77728556  4.23431571  4.30227415  4.82152985\n",
      "   3.76664904  5.82214204  3.56045009  4.75851234  2.50305762  4.78283072\n",
      "   6.06041201  5.15013861  4.76739188  5.90476229  4.50119323  4.81446233\n",
      "   4.76317063  4.38186511]\n",
      " [ 5.05168643  4.13309475  4.97435374  3.4420127   4.74717085  4.7899231\n",
      "   3.94328072  3.56045009  5.06485844  4.67867498  3.19383777  4.1580444\n",
      "   5.17361907  4.79475547  4.93209733  5.0712655   5.25763006  4.17861489\n",
      "   4.2869718   4.10952413]\n",
      " [ 5.14897023  4.92972643  5.07806388  4.15493832  5.15860072  5.31416655\n",
      "   4.29482626  4.75851234  4.67867498  6.96135557  3.2887309   4.70019089\n",
      "   6.75436751  5.23518763  4.94497538  5.78111649  4.81027369  5.24314251\n",
      "   4.53329032  5.27025967]\n",
      " [ 3.96186492  3.3868653   3.33889309  2.78538491  4.185204    3.02809072\n",
      "   3.03371068  2.50305762  3.19383777  3.2887309   3.36906886  2.9618662\n",
      "   3.75654159  4.00149603  3.61988237  3.61365836  3.72838283  3.26495064\n",
      "   3.77933728  3.45007072]\n",
      " [ 5.27032408  4.54708631  4.71621316  4.10013154  5.03736051  4.81466504\n",
      "   4.31227781  4.78283072  4.1580444   4.70019089  2.9618662   5.29008834\n",
      "   6.05144812  5.11104878  4.79986479  5.42832364  5.1074611   4.89700484\n",
      "   5.0924159   4.49756471]\n",
      " [ 7.10013063  5.83263917  6.40153691  5.82888469  6.30689901  6.38762551\n",
      "   4.74177323  6.06041201  5.17361907  6.75436751  3.75654159  6.05144812\n",
      "   9.03621833  6.38352799  6.2020068   6.39665812  6.08961134  6.31460352\n",
      "   5.93635351  7.22782966]\n",
      " [ 6.07770207  5.15031081  5.36505165  4.87614688  6.05244457  5.08337946\n",
      "   4.21241794  5.15013861  4.79475547  5.23518763  4.00149603  5.11104878\n",
      "   6.38352799  7.14270311  5.95798062  6.15585454  5.8891911   5.71421128\n",
      "   6.01064644  5.52065108]\n",
      " [ 6.05562005  5.41611354  6.18015232  4.79464715  6.01738884  5.80905153\n",
      "   4.62184355  4.76739188  4.93209733  4.94497538  3.61988237  4.79986479\n",
      "   6.2020068   5.95798062  6.92852754  6.96417839  5.92777153  5.16694079\n",
      "   5.43937296  5.65127348]\n",
      " [ 5.80922934  5.07126328  5.94953952  4.96038323  6.1043945   5.88651399\n",
      "   5.07436327  5.90476229  5.0712655   5.78111649  3.61365836  5.42832364\n",
      "   6.39665812  6.15585454  6.96417839  8.95705867  5.8631256   5.82628701\n",
      "   5.51264319  5.70747239]\n",
      " [ 5.92604086  5.63196441  6.39516212  4.75651672  6.04449552  6.00234719\n",
      "   4.33046432  4.50119323  5.25763006  4.81027369  3.72838283  5.1074611\n",
      "   6.08961134  5.8891911   5.92777153  5.8631256   6.93312187  5.29410772\n",
      "   5.40137207  5.03030884]\n",
      " [ 5.7148829   5.07627892  5.05161106  4.53694658  5.24985574  5.01838826\n",
      "   3.69722313  4.81446233  4.17861489  5.24314251  3.26495064  4.89700484\n",
      "   6.31460352  5.71421128  5.16694079  5.82628701  5.29410772  5.97038668\n",
      "   4.88522615  5.118809  ]\n",
      " [ 5.59337239  5.31013018  4.77730357  3.91043661  5.47257994  4.78052228\n",
      "   4.62999608  4.76317063  4.2869718   4.53329032  3.77933728  5.0924159\n",
      "   5.93635351  6.01064644  5.43937296  5.51264319  5.40137207  4.88522615\n",
      "   6.4248575   4.8524035 ]\n",
      " [ 5.91432865  5.29735717  5.15942659  5.82850421  5.82706961  5.23598445\n",
      "   3.90262094  4.38186511  4.10952413  5.27025967  3.45007072  4.49756471\n",
      "   7.22782966  5.52065108  5.65127348  5.70747239  5.03030884  5.118809\n",
      "   4.8524035   7.87644599]] \n",
      "\n",
      "w0 =  26.9683773615\n",
      "w1 =  [ 14.11111354  -8.60365372  -5.68432856  -3.04821176  -9.46986932\n",
      "  -4.06024067  16.82156106 -23.83977816 -28.55004535   8.98236759\n",
      " -13.10678435 -12.21768971  15.3465661   12.83611255  -5.48478745\n",
      "  12.77695805  28.78111831  -6.42811179  -0.4978769   -4.99690947] \n",
      "\n",
      "Confusion Matrix:  [[373, 21], [11, 395]] \n",
      "\n",
      "Accuracy:  0.96\n",
      "Precision:  0.9467005076142132\n",
      "Recall:  0.9713541666666666\n",
      "F-measure:  0.9588688946015425\n"
     ]
    }
   ],
   "source": [
    "# Get probability of each training set\n",
    "allDataPts = numData0 + numData1\n",
    "prob0 = numData0 / allDataPts\n",
    "prob1 = numData1 / allDataPts\n",
    "\n",
    "# Get mean of each column\n",
    "mean0 = np.array(trainSet0.mean())\n",
    "mean1 = np.array(trainSet1.mean())\n",
    "\n",
    "# Compute covariance matrices to get w0 & w1\n",
    "cov0 = np.array(trainSet0-mean0)\n",
    "cov1 = np.array(trainSet1-mean1)\n",
    "s0 = np.matmul(cov0.T, cov0)\n",
    "s1 = np.matmul(cov1.T, cov1)\n",
    "cov = (s0 + s1) / allDataPts\n",
    "cov_inv = np.linalg.inv(cov)\n",
    "w0 = (math.log(prob0)-math.log(prob1)) - (np.matmul(np.matmul(mean0.T, cov_inv), mean0) - np.matmul(np.matmul(mean1.T, cov_inv), mean1))/2\n",
    "w1 = np.matmul(cov_inv, (mean0 - mean1))\n",
    "print(\"Covariance matrix: \", cov, \"\\n\")\n",
    "print(\"w0 = \", w0)\n",
    "print(\"w1 = \", w1, \"\\n\")\n",
    "\n",
    "# Compute GDA model\n",
    "outPredict = np.matmul(testSet, w1.T) + w0\n",
    "sigmoid = np.exp(outPredict) / (np.exp(outPredict) + 1)\n",
    "for i in range(len(sigmoid)):\n",
    "    if (sigmoid[i] > 0.5):\n",
    "        sigmoid[i] = 0\n",
    "    else:\n",
    "        sigmoid[i] = 1\n",
    "\n",
    "# Compute confusion matrix\n",
    "tp, tn, fp, fn = 0, 0, 0, 0\n",
    "for j in range(len(testOut)):\n",
    "    predVal = sigmoid[j]\n",
    "    actualVal = testOut[j]\n",
    "\n",
    "    # Compare actual to predicted values\n",
    "    if (predVal == 1 and predVal == actualVal):\n",
    "        tp += 1\n",
    "    elif (predVal == 1 and predVal != actualVal):\n",
    "        fp += 1\n",
    "    elif (predVal == 0 and predVal == actualVal):\n",
    "        tn += 1\n",
    "    elif (predVal == 0 and predVal != actualVal):\n",
    "        fn += 1\n",
    "        \n",
    "confMatrix = [[0, 0], [0, 0]]\n",
    "confMatrix[0][0] = tp\n",
    "confMatrix[0][1] = fp\n",
    "confMatrix[1][0] = fn\n",
    "confMatrix[1][1] = tn\n",
    "        \n",
    "# Compute results\n",
    "accuracy = (tp + tn) / (tp + tn + fp + fn)\n",
    "precision = tp / (tp + fp)\n",
    "recall = tp / (tp + fn)\n",
    "f_measure = (2 * (precision * recall)) / (precision + recall)\n",
    "\n",
    "# Display results\n",
    "print(\"Confusion Matrix: \", confMatrix, \"\\n\")\n",
    "print(\"Accuracy: \", accuracy)\n",
    "print(\"Precision: \", precision)\n",
    "print(\"Recall: \", recall)\n",
    "print(\"F-measure: \", f_measure)"
   ]
  },
  {
   "cell_type": "code",
   "execution_count": null,
   "metadata": {
    "collapsed": true
   },
   "outputs": [],
   "source": []
  }
 ],
 "metadata": {
  "anaconda-cloud": {},
  "kernelspec": {
   "display_name": "Python [default]",
   "language": "python",
   "name": "python3"
  },
  "language_info": {
   "codemirror_mode": {
    "name": "ipython",
    "version": 3
   },
   "file_extension": ".py",
   "mimetype": "text/x-python",
   "name": "python",
   "nbconvert_exporter": "python",
   "pygments_lexer": "ipython3",
   "version": "3.5.2"
  }
 },
 "nbformat": 4,
 "nbformat_minor": 1
}
