{
 "cells": [
  {
   "cell_type": "code",
   "execution_count": 94,
   "metadata": {
    "collapsed": false
   },
   "outputs": [],
   "source": [
    "import numpy as np\n",
    "import pandas as pd\n",
    "import math\n",
    "import matplotlib.pyplot as plt\n",
    "\n",
    "# Read data from DataSets\n",
    "mean0 = pd.read_csv(\"data/DS1_m_0.txt\", header=None)\n",
    "mean1 = pd.read_csv(\"data/DS1_m_1.txt\", header=None)\n",
    "cov = pd.read_csv(\"data/DS1_cov.txt\", header=None)\n",
    "# Drop end column (not useful to us)\n",
    "mean0.drop([20], axis=1, inplace=True)\n",
    "mean1.drop([20], axis=1, inplace=True)\n",
    "cov.drop([20], axis=1, inplace=True)\n",
    "# Change to matrices\n",
    "mean0_m = mean0.as_matrix()[0]\n",
    "mean1_m = mean1.as_matrix()[0]\n",
    "cov_m = cov.as_matrix()[0]\n",
    "\n",
    "# Generate 2000 examples for each class\n",
    "dataEx = 2000\n",
    "class0 = pd.DataFrame(np.random.multivariate_normal(mean0_m, cov, dataEx))\n",
    "class1 = pd.DataFrame(np.random.multivariate_normal(mean1_m, cov, dataEx))\n",
    "# Add classification column for identification\n",
    "class0[20] = 0\n",
    "class1[20] = 1\n",
    "class0_m = class0.as_matrix()\n",
    "class1_m = class1.as_matrix()\n",
    "\n",
    "# Split data into train, valid, test sets\n",
    "allData = np.concatenate((class0_m, class1_m), axis=0)\n",
    "np.random.shuffle(allData)\n",
    "trainSet = pd.DataFrame(allData[0:2400])\n",
    "validSet = pd.DataFrame(allData[2400:3200])\n",
    "testSet = pd.DataFrame(allData[3200:4000])\n",
    "\n",
    "# Save completed datasets\n",
    "pd.DataFrame(allData).to_csv(\"dataGenerated/DS1_data.csv\", index=False, header=False)\n",
    "trainSet.to_csv(\"dataGenerated/DS1_train.csv\", index=False, header=False)\n",
    "validSet.to_csv(\"dataGenerated/DS1_valid.csv\", index=False, header=False)\n",
    "testSet.to_csv(\"dataGenerated/DS1_test.csv\", index=False, header=False)"
   ]
  },
  {
   "cell_type": "code",
   "execution_count": 97,
   "metadata": {
    "collapsed": false
   },
   "outputs": [
    {
     "name": "stdout",
     "output_type": "stream",
     "text": [
      "Covariance matrix:  [[ 7.93707975  5.58268481  6.25645938  5.28426181  5.93278874  6.20310701\n",
      "   4.68549064  5.41538445  4.90844016  5.11315814  3.95441989  5.3012396\n",
      "   7.08131099  5.95534321  6.06669987  5.93668506  5.95227785  5.75142572\n",
      "   5.59590734  5.95763981]\n",
      " [ 5.58268481  6.86119053  5.43791238  4.37533482  5.45532026  5.62059602\n",
      "   4.31356149  3.96966787  4.09360108  4.93231985  3.37922347  4.6389174\n",
      "   5.8579409   5.09040364  5.43407467  5.19222705  5.70144003  5.14059254\n",
      "   5.34582516  5.29556638]\n",
      " [ 6.25645938  5.43791238  7.346586    4.93141955  5.82870121  6.67173885\n",
      "   4.6263832   4.88797312  4.82819073  5.01941011  3.27323609  4.77634185\n",
      "   6.38805878  5.1848454   6.11888181  6.04181446  6.32242939  5.08673332\n",
      "   4.76612429  5.08764961]\n",
      " [ 5.28426181  4.37533482  4.93141955  5.84123059  5.33125865  4.57512017\n",
      "   3.73632305  4.4470488   3.43436529  4.21713878  2.78726081  4.2650637\n",
      "   5.9150426   4.89490773  4.83621166  5.13110827  4.79414153  4.68860014\n",
      "   4.00041301  5.81949827]\n",
      " [ 5.93278874  5.45532026  5.82870121  5.33125865  7.04654763  5.42239853\n",
      "   5.00305463  4.40869753  4.61891528  5.06127045  4.09384294  5.09167373\n",
      "   6.24038895  5.82931545  5.89393798  6.11608827  5.99895146  5.25866058\n",
      "   5.38569704  5.69485645]\n",
      " [ 6.20310701  5.62059602  6.67173885  4.57512017  5.42239853  6.81990167\n",
      "   4.42419975  4.90694006  4.6837889   5.22357934  2.97205641  4.86999755\n",
      "   6.38070197  4.97008166  5.81873151  5.97428368  6.02799594  5.04565105\n",
      "   4.79502815  5.20901901]\n",
      " [ 4.68549064  4.31356149  4.6263832   3.73632305  5.00305463  4.42419975\n",
      "   5.08719373  3.86226968  3.85616666  4.24195088  3.00720499  4.34354414\n",
      "   4.66386918  4.07314889  4.62526513  5.1565366   4.35383952  3.71397922\n",
      "   4.55382094  3.81969499]\n",
      " [ 5.41538445  3.96966787  4.88797312  4.4470488   4.40869753  4.90694006\n",
      "   3.86226968  5.90000894  3.52946329  4.772296    2.54147984  4.81811906\n",
      "   6.11028338  5.13815856  4.91892557  6.0937998   4.57191073  4.90646414\n",
      "   4.77425104  4.48934509]\n",
      " [ 4.90844016  4.09360108  4.82819073  3.43436529  4.61891528  4.6837889\n",
      "   3.85616666  3.52946329  4.77294943  4.49383406  3.01628567  4.08315349\n",
      "   5.01440782  4.52065431  4.73847987  4.95701739  5.08561443  4.06164528\n",
      "   4.10534163  3.96550328]\n",
      " [ 5.11315814  4.93231985  5.01941011  4.21713878  5.06127045  5.22357934\n",
      "   4.24195088  4.772296    4.49383406  6.72571521  3.1444169   4.6672882\n",
      "   6.61793826  5.04778213  4.90400976  5.78646751  4.745114    5.18563462\n",
      "   4.40723251  5.13768969]\n",
      " [ 3.95441989  3.37922347  3.27323609  2.78726081  4.09384294  2.97205641\n",
      "   3.00720499  2.54147984  3.01628567  3.1444169   3.33130811  2.94653884\n",
      "   3.67183498  3.84737074  3.52104024  3.60006662  3.65502104  3.20841865\n",
      "   3.74641106  3.41622093]\n",
      " [ 5.3012396   4.6389174   4.77634185  4.2650637   5.09167373  4.86999755\n",
      "   4.34354414  4.81811906  4.08315349  4.6672882   2.94653884  5.28842747\n",
      "   6.00705677  5.02346601  4.83778577  5.50238127  5.15766685  4.91992068\n",
      "   5.01530608  4.49112169]\n",
      " [ 7.08131099  5.8579409   6.38805878  5.9150426   6.24038895  6.38070197\n",
      "   4.66386918  6.11028338  5.01440782  6.61793826  3.67183498  6.00705677\n",
      "   8.95490979  6.23641282  6.18459851  6.46616284  6.07667964  6.3369381\n",
      "   5.83876585  7.14708691]\n",
      " [ 5.95534321  5.09040364  5.1848454   4.89490773  5.82931545  4.97008166\n",
      "   4.07314889  5.13815856  4.52065431  5.04778213  3.84737074  5.02346601\n",
      "   6.23641282  6.83283657  5.76774373  6.11478955  5.73208417  5.62573124\n",
      "   5.80433679  5.45300791]\n",
      " [ 6.06669987  5.43407467  6.11888181  4.83621166  5.89393798  5.81873151\n",
      "   4.62526513  4.91892557  4.73847987  4.90400976  3.52104024  4.83778577\n",
      "   6.18459851  5.76774373  6.80420674  7.02241653  5.83881183  5.16922462\n",
      "   5.39132487  5.61684456]\n",
      " [ 5.93668506  5.19222705  6.04181446  5.13110827  6.11608827  5.97428368\n",
      "   5.1565366   6.0937998   4.95701739  5.78646751  3.60006662  5.50238127\n",
      "   6.46616284  6.11478955  7.02241653  9.10512944  5.86777227  5.89288735\n",
      "   5.53859399  5.76445636]\n",
      " [ 5.95227785  5.70144003  6.32242939  4.79414153  5.99895146  6.02799594\n",
      "   4.35383952  4.57191073  5.08561443  4.745114    3.65502104  5.15766685\n",
      "   6.07667964  5.73208417  5.83881183  5.86777227  6.86025144  5.29576023\n",
      "   5.37624688  5.01409956]\n",
      " [ 5.75142572  5.14059254  5.08673332  4.68860014  5.25866058  5.04565105\n",
      "   3.71397922  4.90646414  4.06164528  5.18563462  3.20841865  4.91992068\n",
      "   6.3369381   5.62573124  5.16922462  5.89288735  5.29576023  6.00681739\n",
      "   4.8470345   5.15102975]\n",
      " [ 5.59590734  5.34582516  4.76612429  4.00041301  5.38569704  4.79502815\n",
      "   4.55382094  4.77425104  4.10534163  4.40723251  3.74641106  5.01530608\n",
      "   5.83876585  5.80433679  5.39132487  5.53859399  5.37624688  4.8470345\n",
      "   6.30324866  4.89195286]\n",
      " [ 5.95763981  5.29556638  5.08764961  5.81949827  5.69485645  5.20901901\n",
      "   3.81969499  4.48934509  3.96550328  5.13768969  3.41622093  4.49112169\n",
      "   7.14708691  5.45300791  5.61684456  5.76445636  5.01409956  5.15102975\n",
      "   4.89195286  7.84325734]] \n",
      "\n",
      "w0:  27.232474809\n",
      "w1:  [ 14.30690095  -8.72315358  -6.16774682  -3.08721749  -9.83618644\n",
      "  -3.91267152  17.09433889 -23.94849442 -29.32247798   9.21922701\n",
      " -12.91552615 -12.53890544  15.58643186  12.7518223   -5.12351529\n",
      "  12.77461252  29.593812    -6.53570158  -0.64996862  -5.0692588 ] \n",
      "\n",
      "Confusion Matrix:  [[374, 15], [29, 382]] \n",
      "\n",
      "Accuracy:  0.945\n",
      "Precision:  0.961439588688946\n",
      "Recall:  0.9280397022332506\n",
      "F-measure:  0.9444444444444443\n"
     ]
    }
   ],
   "source": [
    "# Split training data\n",
    "trainSet0 = trainSet[trainSet[20] == 0]\n",
    "trainSet1 = trainSet[trainSet[20] == 1]\n",
    "testOut = testSet[20]\n",
    "# Drop end column\n",
    "trainSet0.drop([20], axis=1, inplace=True)\n",
    "trainSet1.drop([20], axis=1, inplace=True)\n",
    "trainSet.drop([20], axis=1, inplace=True)\n",
    "testSet.drop([20], axis=1, inplace=True)\n",
    "\n",
    "# Get length of each training set\n",
    "numData0 = len(trainSet0)\n",
    "numData1 = len(trainSet1)\n",
    "# Create nd.array versions of data sets\n",
    "trainSet_arr = trainSet.as_matrix()\n",
    "testSet_arr = testSet.as_matrix()\n",
    "\n",
    "# Get probability of each training set\n",
    "allDataPts = numData0 + numData1\n",
    "prob0 = numData0 / allDataPts\n",
    "prob1 = numData1 / allDataPts\n",
    "\n",
    "# Get mean of each column\n",
    "mean0 = np.array(trainSet0.mean())\n",
    "mean1 = np.array(trainSet1.mean())\n",
    "\n",
    "# Compute covariance matrices to get w0 & w1\n",
    "cov0 = np.array(trainSet0-mean0)\n",
    "cov1 = np.array(trainSet1-mean1)\n",
    "s0 = np.matmul(cov0.T, cov0)\n",
    "s1 = np.matmul(cov1.T, cov1)\n",
    "cov = (s0 + s1) / allDataPts\n",
    "cov_inv = np.linalg.inv(cov)\n",
    "w0 = (math.log(prob0)-math.log(prob1)) - (np.matmul(np.matmul(mean0.T, cov_inv), mean0) - np.matmul(np.matmul(mean1.T, cov_inv), mean1))/2\n",
    "w1 = np.matmul(cov_inv, (mean0 - mean1))\n",
    "print(\"Covariance matrix: \", cov, \"\\n\")\n",
    "print(\"w0: \", w0)\n",
    "print(\"w1: \", w1, \"\\n\")\n",
    "\n",
    "# Compute GDA model\n",
    "outPredict = np.matmul(testSet, w1.T) + w0\n",
    "sigmoid = np.exp(outPredict) / (np.exp(outPredict) + 1)\n",
    "for i in range(len(sigmoid)):\n",
    "    if (sigmoid[i] > 0.5):\n",
    "        sigmoid[i] = 0\n",
    "    else:\n",
    "        sigmoid[i] = 1\n",
    "        \n",
    "# Compute confusion matrix values\n",
    "tp, tn, fp, fn = 0, 0, 0, 0\n",
    "for j in range(len(testOut)):\n",
    "    predVal = sigmoid[j]\n",
    "    actualVal = testOut[j]\n",
    "\n",
    "    # Compare actual to predicted values\n",
    "    if (predVal == 1 and predVal == actualVal):\n",
    "        tp += 1\n",
    "    elif (predVal == 1 and predVal != actualVal):\n",
    "        fp += 1\n",
    "    elif (predVal == 0 and predVal == actualVal):\n",
    "        tn += 1\n",
    "    elif (predVal == 0 and predVal != actualVal):\n",
    "        fn += 1\n",
    "        \n",
    "# Create confusion matrix\n",
    "confMatrix = [[0, 0], [0, 0]]\n",
    "confMatrix[0][0] = tp\n",
    "confMatrix[0][1] = fp\n",
    "confMatrix[1][0] = fn\n",
    "confMatrix[1][1] = tn\n",
    "        \n",
    "# Compute results\n",
    "accuracy = (tp + tn) / (tp + tn + fp + fn)\n",
    "precision = tp / (tp + fp)\n",
    "recall = tp / (tp + fn)\n",
    "f_measure = (2 * (precision * recall)) / (precision + recall)\n",
    "\n",
    "# Display results\n",
    "print(\"Confusion Matrix: \", confMatrix, \"\\n\")\n",
    "print(\"Accuracy: \", accuracy)\n",
    "print(\"Precision: \", precision)\n",
    "print(\"Recall: \", recall)\n",
    "print(\"F-measure: \", f_measure)"
   ]
  },
  {
   "cell_type": "code",
   "execution_count": 96,
   "metadata": {
    "collapsed": false
   },
   "outputs": [
    {
     "name": "stdout",
     "output_type": "stream",
     "text": [
      "k: 1, Accuracy: 0.52625\n",
      "k: 2, Accuracy: 0.52875\n",
      "k: 3, Accuracy: 0.5325\n",
      "k: 4, Accuracy: 0.53375\n",
      "k: 5, Accuracy: 0.53875\n",
      "k: 6, Accuracy: 0.5375\n",
      "k: 7, Accuracy: 0.53875\n",
      "k: 8, Accuracy: 0.54\n",
      "k: 9, Accuracy: 0.54\n",
      "k: 10, Accuracy: 0.53875\n",
      "k: 11, Accuracy: 0.54\n",
      "k: 12, Accuracy: 0.53375\n",
      "k: 13, Accuracy: 0.53625\n",
      "k: 14, Accuracy: 0.5375\n",
      "k: 15, Accuracy: 0.54\n",
      "k: 16, Accuracy: 0.53875\n",
      "k: 17, Accuracy: 0.53625\n",
      "k: 18, Accuracy: 0.5375\n",
      "k: 19, Accuracy: 0.53375\n",
      "k: 20, Accuracy: 0.53625\n",
      "k: 21, Accuracy: 0.53375\n",
      "k: 22, Accuracy: 0.5325\n",
      "k: 23, Accuracy: 0.5325\n",
      "k: 24, Accuracy: 0.5325\n",
      "k: 25, Accuracy: 0.5275\n",
      "k: 26, Accuracy: 0.53125\n",
      "k: 27, Accuracy: 0.535\n",
      "k: 28, Accuracy: 0.53375\n",
      "k: 29, Accuracy: 0.53375\n",
      "k: 30, Accuracy: 0.535\n",
      "\n",
      "Optimal k value:  8\n",
      "Confusion Matrix:  [[321, 286], [82, 111]] \n",
      "\n",
      "Accuracy:  0.54\n",
      "Precision:  0.528830313014827\n",
      "Recall:  0.7965260545905707\n",
      "F-measure:  0.6356435643564355\n"
     ]
    }
   ],
   "source": [
    "# Store optimal values\n",
    "k_opt = 0\n",
    "confMatrix_opt = [[0, 0], [0, 0]]\n",
    "accuracy_opt = 0.0\n",
    "\n",
    "# Compute k-NN up to k=30\n",
    "for k in range(1, 31):\n",
    "    tp, tn, fp, fn = 0, 0, 0, 0\n",
    "    for i in range(len(testOut)):\n",
    "        x = trainSet_arr\n",
    "        y_i = testSet_arr[i]\n",
    "        \n",
    "        # Compute and sort distances\n",
    "        distances = np.power(np.linalg.norm(x - y_i, axis=1), 2)\n",
    "        neighbours = distances.argsort()[:k]\n",
    "        if (trainSet_arr[neighbours, 19].sum() > 0):\n",
    "            predVal = 1\n",
    "        else:\n",
    "            predVal = 0\n",
    "        actualVal = testOut[i]\n",
    "        \n",
    "        # Compare actual to predicted values\n",
    "        if (predVal == 1 and predVal == actualVal):\n",
    "            tp += 1\n",
    "        elif (predVal == 1 and predVal != actualVal):\n",
    "            fp += 1\n",
    "        elif (predVal == 0 and predVal == actualVal):\n",
    "            tn += 1\n",
    "        elif (predVal == 0 and predVal != actualVal):\n",
    "            fn += 1\n",
    "        \n",
    "    # Compute and display accuracy\n",
    "    accuracy = (tp + tn) / (tp + tn + fp + fn)\n",
    "    print(\"k: {}, Accuracy: {}\".format(k, accuracy))\n",
    "    \n",
    "    # Update highest accuracy and store corresponding confusion matrix\n",
    "    if (accuracy > accuracy_opt):\n",
    "        accuracy_opt = accuracy\n",
    "        k_opt = k\n",
    "        confMatrix_opt[0][0] = tp\n",
    "        confMatrix_opt[0][1] = fp\n",
    "        confMatrix_opt[1][0] = fn\n",
    "        confMatrix_opt[1][1] = tn\n",
    "        \n",
    "# Compute results from optimal values\n",
    "tp = confMatrix_opt[0][0]\n",
    "fp = confMatrix_opt[0][1]\n",
    "fn = confMatrix_opt[1][0]\n",
    "tn = confMatrix_opt[1][1]\n",
    "precision_opt = tp / (tp + fp)\n",
    "recall_opt = tp / (tp + fn)\n",
    "f_measure_opt = (2 * (precision_opt * recall_opt)) / (precision_opt + recall_opt)\n",
    "\n",
    "# Display results\n",
    "print(\"\\nOptimal k value: \", k_opt)\n",
    "print(\"Confusion Matrix: \", confMatrix_opt, \"\\n\")\n",
    "print(\"Accuracy: \", accuracy_opt)\n",
    "print(\"Precision: \", precision_opt)\n",
    "print(\"Recall: \", recall_opt)\n",
    "print(\"F-measure: \", f_measure_opt)"
   ]
  },
  {
   "cell_type": "code",
   "execution_count": null,
   "metadata": {
    "collapsed": true
   },
   "outputs": [],
   "source": []
  }
 ],
 "metadata": {
  "anaconda-cloud": {},
  "kernelspec": {
   "display_name": "Python [default]",
   "language": "python",
   "name": "python3"
  },
  "language_info": {
   "codemirror_mode": {
    "name": "ipython",
    "version": 3
   },
   "file_extension": ".py",
   "mimetype": "text/x-python",
   "name": "python",
   "nbconvert_exporter": "python",
   "pygments_lexer": "ipython3",
   "version": "3.5.2"
  }
 },
 "nbformat": 4,
 "nbformat_minor": 1
}
